[MOMENTODIPOLAR]
MomentoDipElecX=7.757639613096123338174574145474435E-0006
MomentoDipElecY=5.266142298727180881935610553380003E-0005
MomentoDipElecZ=-2.250924238257936039119972718951588E-0004
MomentoDipNucX=0.000000000000000000000000000000000E+0000
MomentoDipNucY=0.000000000000000000000000000000000E+0000
MomentoDipNucZ=0.000000000000000000000000000000000E+0000
MomentoDipTotX=7.757639613096123338174574145474435E-0006
MomentoDipTotY=5.266142298727180881935610553380003E-0005
MomentoDipTotZ=-2.250924238257936039119972718951588E-0004
ModuloMomentoDip=2.313006824615563773491028680723981E-0004
 
[POBLACIONES]
Poblacion(1)=1.00000000000000000000000000000000
PosX(1)=-7.757639613096123338174574145474435E-0006
PosY(1)=-5.266142298727180881935610553380003E-0005
PosZ(1)=2.250924238257936039119972718951588E-0004
DespX(1)=-7.757639613096123338174574145474435E-0006
DespY(1)=-5.266142298727180881935610553380003E-0005
DespZ(1)=2.250924238257936039119972718951588E-0004
 
