[DATOS]
Nucleos=1
NumFB=1
 
[METODOCALCULO]
Metodo= HF
ControlConvergencia=1
Tolerancia=9.999999999999999999999999999999999E-0010
FactorAmortiguacion=0.800000000000000000000000000000000
FactorComienzoAmortiguacion=0
NumMaxIter=3000
 
[ESTADOELECTRONICO]
NumOcupAlfa(1)=1
NumOcupBeta(1)=0
CoefOcupAlfa(1,1)=1.00000000000000000000000000000000
CoefOcupBeta(1,1)=1.00000000000000000000000000000000
EnergiaOrbitalAlfa(1)=-0.448689875071449593124051659772193
EnergiaOrbitalBeta(1)=-0.448689875071449593124051659772193
 
[ITERACIONES]
NumIteraciones=1
Tmedia=0.257742490200928271269847059303833
Vmedia=-0.706432365272377864393898719076026
Energia(0)=-0.448689875071449593124051659772193
Virial(0)=2.74084558088060878130710314474744
Energia(1)=-0.448689875071449593124051659772193
Virial(1)=2.74084558088060878130710314474744
 
[ENERGIAS]
EnerElectr=-0.448689875071449593124051659772193
EnerRep=0.000000000000000000000000000000000E+0000
EnerTotal=-0.448689875071449593124051659772193
EnerMP2=0.000000000000000000000000000000000E+0000
 
[TIEMPO]
TiempoDias=0
TiempoHoras=0
TiempoMinutos=0
TiempoSegundos=8.755278587341309E-002
TiempoSCF=  0 ´´
